0
0
0
39113
6b0
0
0
30000
c6c2
0
1
30000
86cc
2
2
30000
835a
4
3
30000
1253
5
4
30000
c65e
6
5
30000
9eed
7
6
30000
31a
f
7
30000
6a0
10
8
30000
c32e
10
9
30000
c72f
11
a
30000
7b9
13
b
30000
a3ba
13
c
30000
4bc9
19
d
30000
4e00
1f
e
30000
968e
20
f
30000
231f
23
10
30000
1a2c
25
11
30000
a6ac
25
12
30000
9001
610
20
3920e
4c90
0
0
30000
5009
0
220
30000
589a
0
221
30000
5a72
0
222
30000
60bd
0
223
30000
6441
0
330
30000
6c69
0
440
30000
1f05
0
550
30000
249e
0
551
30000
282f
0
552
30000
3a78
0
770
30000
3c78
0
771
30000
452b
0
772
30000
4a0f
0
773
30000
