0
0
0
39116
6b0
0
0
30000
c6c2
0
1
30000
86cc
2
2
30000
835a
4
3
30000
1253
5
4
30000
d75c
5
5
30000
c65e
6
6
30000
525e
7
7
30000
9eed
7
8
30000
db6d
8
9
30000
31a
f
a
30000
e69b
f
b
30000
6a0
10
c
30000
c32e
10
d
30000
c72f
11
e
30000
7b9
13
f
30000
5b41
18
10
30000
db41
18
11
30000
4bc9
19
12
30000
4e00
1f
13
30000
968e
20
14
30000
1a2c
25
15
30000
401
21
10
39208
4d50
0
0
30000
616f
0
220
30000
6211
0
330
30000
6675
0
331
30000
7d2c
0
440
30000
7f46
0
441
30000
3b61
0
770
30000
4707
0
771
30000
