0
0
0
39118
6b0
0
0
30000
c6c2
0
1
30000
86cc
2
2
30000
835a
4
3
30000
1253
5
4
30000
d75c
5
5
30000
c65e
6
6
30000
525e
7
7
30000
9eed
7
8
30000
db6d
8
9
30000
31a
f
a
30000
6a0
10
b
30000
c32e
10
c
30000
c72f
11
d
30000
7b9
13
e
30000
a3ba
13
f
30000
5b41
18
10
30000
db41
18
11
30000
4bc9
19
12
30000
4e00
1f
13
30000
968e
20
14
30000
231f
23
15
30000
1a2c
25
16
30000
a6ac
25
17
30000
8800
4410
0
39207
5dab
0
220
30000
5e8d
0
221
30000
677a
0
330
30000
6f71
0
440
30000
1a41
0
550
30000
1cb5
0
551
30000
3695
0
660
30000
