0
0
0
3910f
6d0
4
0
30000
56ee
8
1
30000
1673
9
2
30000
9673
9
3
30000
1975
a
4
30000
572f
11
5
30000
47bb
14
6
30000
8bbb
14
7
30000
cb3d
15
8
30000
87bd
16
9
30000
de02
1f
a
30000
530b
20
b
30000
c612
21
c
30000
a9c
22
d
30000
cf21
24
e
30000
1001
811
20
39210
4c90
0
0
30000
5009
0
220
30000
589a
0
221
30000
5a72
0
222
30000
60bd
0
223
30000
6441
0
330
30000
6b4f
0
331
30000
6c69
0
440
30000
1f05
0
550
30000
249e
0
551
30000
2766
0
552
30000
282f
0
553
30000
3a78
0
770
30000
3c78
0
771
30000
452b
0
772
30000
4a0f
0
773
30000
